[op-logo.jpg]
moddate=d63202d6073cd601
width=370
height=72
text=1;144;14;onlineplatform;Century Gothic;0.011723,0.013267,0.720882,6.283185;v1,4264013010,4291246379,128.000000,1.000000,0.000000,1.000000,700,0,49152;;
textactive=1
